FID	IID	U1	U2	U3	U4	U5	U6	U7	U8	U9	U10
HCB186	1	-0.1212458	-0.09785458	0.06040646	-0.01856168	0.133747	0.1221969	0.05360395	-0.2174739	-0.0006976502	-0.009088809
HCB187	1	-0.0806489	-0.03343071	0.3556147	-0.1669544	-0.004090532	-0.123738	0.05318918	-0.008379782	-0.0410662	0.1298759
HCB188	1	-0.1215506	0.1725047	0.130117	-0.1692496	-0.1068559	0.05585115	0.04451997	-0.1245827	-0.01111482	0.09263114
HCB189	1	-0.1861196	-0.0234422	-0.02806847	-0.01150823	0.1249701	-0.344614	0.2282045	-0.2574426	0.174392	0.165456
HCB190	1	-0.07163846	-0.1713311	-0.01529013	-0.08637679	-0.01360635	0.04510669	-0.1808737	0.03695168	0.1462259	0.1130911
HCB191	1	-0.1413079	0.01916449	0.09452027	-0.05278884	-0.2019343	-0.04530999	-0.2434044	-0.05223166	-0.02022783	0.1096506
HCB192	1	-0.1071963	-0.05679993	0.05758672	0.1606159	-0.04928217	0.2366741	0.09784184	0.07351884	-0.08108193	0.0347814
HCB193	1	-0.07147245	0.1978192	-0.1161737	0.03614932	-0.06324876	0.04131498	0.07869229	0.1110562	-0.148402	0.03001498
HCB194	1	-0.05349667	0.1603323	-0.2599093	0.03583256	0.019781	0.1572733	0.02680026	-0.1171659	0.04697476	0.04912974
HCB195	1	-0.09791485	0.08552633	-0.08001919	-0.2214215	-0.1345021	-0.04469725	0.03375187	0.160406	-0.123752	-0.1310146
HCB196	1	-0.09579544	-0.05593403	0.08706322	0.0535649	0.2971766	0.09087148	-0.04360245	0.06663053	-0.2893299	-0.05613738
HCB197	1	-0.1143002	-0.01554157	-0.02953224	0.1454095	-0.1910742	0.2308118	-0.1052448	-0.08309615	-0.01304544	0.04198949
HCB198	1	-0.05685599	-0.1781694	-0.1938502	-0.01934877	-0.02444957	-0.02183294	0.08225783	-0.00873422	-0.2196135	0.09372561
HCB199	1	-0.09748722	0.08409775	-0.1277449	-0.1162515	-0.09061674	0.1372768	0.06248883	0.03872626	0.226831	0.003913344
HCB200	1	-0.1215222	0.08786767	0.0468549	0.1521996	0.06980352	0.09255429	0.02862695	0.08210989	0.05293086	-0.2082128
HCB201	1	-0.05240404	0.1297362	-0.06635831	0.01694939	0.1172573	0.03806874	-0.0673564	0.1273869	0.1128399	-0.1149867
HCB202	1	-0.1653648	-0.0420033	3.41978e-05	0.1221329	-0.1737025	0.002452051	0.02957501	-0.05412506	-0.09031287	0.001294825
HCB203	1	-0.1520399	-0.05077761	0.2198867	0.1598726	0.1056476	-0.03606386	0.1239517	0.194981	0.2235234	-0.1195246
HCB204	1	-0.1031532	-0.08573977	-0.03610372	0.1260843	0.2080643	-0.1060256	0.0587039	0.00904654	0.09462375	0.1249237
HCB205	1	-0.1309028	-0.08431294	0.01547234	0.05659241	-0.02445891	0.140887	-0.2025571	0.04190989	0.1362717	-0.006073335
HCB206	1	-0.1146992	0.03432669	-0.07042003	-0.05919257	-0.09888707	0.2169504	-0.02299989	-0.1971397	0.0624065	-0.1505226
HCB207	1	-0.07663689	-0.02569068	-0.01627963	0.06510802	-0.04317007	-0.1741673	0.001015678	0.1259963	-0.06273168	-0.08119683
HCB208	1	-0.1249993	-0.01363762	-0.08259868	0.0242622	0.002470696	-0.08811494	0.04841503	0.01929123	0.1385073	-0.04709177
HCB209	1	-0.0890616	0.1468394	0.09101354	0.1392725	-0.0294017	-0.07902609	-0.1358231	-0.0297512	0.061664	-0.03424519
HCB210	1	-0.1002706	-0.0984991	0.05482163	-0.008444848	-0.04113623	-0.01001167	0.04171181	0.1526844	0.03224549	-0.1377704
HCB211	1	-0.07184838	0.07942684	-0.08180255	-0.142087	-0.01350644	0.03334766	0.03241469	-0.03951079	0.09016015	0.246966
HCB212	1	-0.09699503	-0.06046593	0.01935112	-0.01915687	-0.1153938	0.007421949	-0.004688918	0.3222668	0.1021722	0.257024
HCB213	1	-0.1362831	0.1044293	0.05666446	-0.04228248	-0.2637225	-0.09209085	0.1450797	-0.1823696	-0.06002405	-0.06536194
HCB214	1	-0.1010993	0.05160982	-0.09573583	0.07366519	0.1076902	0.1861618	0.2857683	0.04449154	-0.008815394	0.1236429
HCB215	1	-0.07232581	0.002489229	-0.01794346	0.04951253	0.08251315	-0.09424519	0.1133416	-0.04846719	-0.1955534	0.05730277
HCB216	1	-0.1232763	0.138966	0.2867083	-0.02775614	0.09560117	0.01059394	-0.1399963	-0.02810441	-0.06458135	0.04057245
HCB217	1	-0.122465	-0.005878988	0.08489572	0.07972588	-0.2525	-0.1205874	0.05412607	0.01271854	-0.1583075	-0.1045173
HCB218	1	-0.1023107	-0.09974856	-0.2085375	-0.04046572	0.006362066	-0.1134523	-0.01840193	-0.09074286	-0.01809888	-0.01753004
HCB219	1	-0.09781114	0.1398199	-0.1253143	0.2797436	0.1424383	-0.2524431	-0.03131055	0.0001516988	-0.02530394	-0.2022205
HCB220	1	-0.135809	-0.1133271	-0.2161192	-0.119957	0.07146611	-0.04760869	-0.2633548	-0.01831106	0.05242109	0.292405
HCB221	1	-0.1646576	0.07564507	-0.06941496	-0.06388501	0.03253471	-0.05843345	-0.04318607	-0.05611844	-0.0716122	-0.0255902
HCB222	1	-0.1289659	-0.1022808	-0.02345648	-0.3621077	0.1276962	0.07921082	0.09311277	0.06863263	0.05351328	-0.3162118
HCB223	1	-0.07996179	0.1253506	0.01249654	0.07570859	-0.009377992	-0.05158718	-0.06726537	0.1479249	0.03629709	0.08898629
HCB224	1	-0.107117	-0.001882197	0.06388777	-0.05886911	0.04269235	0.09176832	-0.06453555	0.143024	0.049496	-0.04668038
HCB225	1	-0.1143905	-0.08185092	-0.08862328	0.02116707	0.07332515	-0.07780029	0.03778059	-0.05640619	-0.07458878	0.03591214
JPT226	1	0.1079824	0.07953557	0.05764843	0.03966874	-0.07695973	-0.0578401	0.1480009	-0.01733696	-0.04342054	-0.01927874
JPT227	1	0.0909826	-0.1224579	0.08113976	-0.05715926	-0.03059941	-0.06784584	-0.05150458	-0.08599016	0.1197334	-0.04848963
JPT228	1	0.1158044	0.03870754	-0.1112462	0.07518305	0.1289272	0.02855639	0.08260049	0.2393585	0.07179753	-0.03796776
JPT229	1	0.1111085	0.07608869	-0.06068752	0.03412434	-0.02146522	-0.01185596	0.1101957	-0.07324746	-0.1574757	-0.08416724
JPT230	1	0.1268632	0.02273248	-0.08539058	-0.1460951	0.06560294	-0.06310406	-0.08368059	-0.1348188	0.05764396	0.06018853
JPT231	1	0.1142117	0.2774045	0.09903913	0.07553598	0.01389217	0.08302165	-0.1176281	0.04291564	-0.1267872	0.07071396
JPT232	1	0.1332026	0.0570857	0.02448025	0.002855695	-0.09461437	0.03238386	0.002190295	0.07802758	-0.0870829	0.1675951
JPT233	1	0.08646839	-0.04250922	-0.01191913	-0.1546687	0.01768671	0.04691951	-0.03175057	0.2440342	-0.05431319	-0.001369293
JPT234	1	0.02743736	0.00144027	-0.08337889	0.0918316	-0.07716631	0.1556485	-0.1823683	-0.1133263	-0.165114	0.09715376
JPT235	1	0.1363919	0.2596368	0.05984168	0.004405365	-0.03984254	-0.06005635	-0.120846	-0.01560209	0.02965303	-0.08321524
JPT236	1	0.1355233	-0.130961	-0.1703512	0.03346444	-0.3194919	-0.02504637	0.09173059	0.05792426	0.01299793	0.006084687
JPT237	1	0.0819958	-0.09253096	-0.03015431	-0.003832977	-0.03146176	0.1799755	-0.07220041	0.02813428	0.001601617	-0.1456917
JPT238	1	0.1147005	-0.1036322	0.02496303	0.0396432	-0.03238311	-0.004619628	-0.08775423	-0.009419572	-0.0801496	-0.05572491
JPT239	1	0.07011401	0.03998723	0.1232651	0.2455746	0.1021076	0.1316841	0.04630853	-0.1379226	0.008885576	0.07430459
JPT240	1	0.09049357	-0.1491384	0.1806659	-0.1183674	-0.08675951	0.01176161	-0.05703947	0.05636625	-0.1684017	-0.02411938
JPT241	1	0.1121612	-0.01478516	0.01527957	0.08232509	0.03743979	0.04986611	-0.08622532	0.06375045	-0.04271798	0.08764234
JPT242	1	0.1365813	0.03121606	0.06970525	-0.02665463	0.04407745	0.158228	0.3091065	-0.09638091	0.1136798	0.08331214
JPT243	1	0.157134	0.125664	-0.1820492	0.2247607	0.06283041	-0.03087014	-0.1795866	0.009229395	0.2028874	0.03333851
JPT244	1	0.1160704	-0.09998729	0.01848644	0.1323362	0.07351541	-0.05225914	-0.02301032	-0.006644072	0.02469574	0.08176395
JPT245	1	0.1294317	0.06749662	-0.03613105	0.04397283	-0.03407052	-0.0846864	0.1022893	0.1124363	-0.04979909	0.02966335
JPT246	1	0.1243617	0.2194215	0.1111936	-0.1687468	0.1038151	0.09226416	-0.009364691	0.1026902	0.04843098	0.02610382
JPT247	1	0.1243974	-0.03666909	0.1590424	0.06207153	-0.005358392	-0.1121113	-0.07313341	-0.05996801	0.04419835	0.1098816
JPT248	1	0.09939055	0.02504772	-0.1086664	-0.1509302	0.2422644	-0.05997943	-0.07174175	0.1323251	-0.1363171	0.1669161
JPT249	1	0.09226139	-0.08574903	0.1907728	0.08025763	-0.05986356	0.01940299	-0.06275944	-0.01691035	0.1861333	0.07588266
JPT250	1	0.05623763	-0.02603276	-0.0749952	0.02607188	-0.01462877	-0.1203073	-0.04605136	0.1182469	0.03067429	-0.01757186
JPT251	1	0.0423026	-0.1638969	0.1239086	0.04457468	-0.1716378	-0.03254707	0.08185682	0.1037228	0.1870914	-0.04319145
JPT252	1	0.1524448	0.118122	-0.06941091	-0.02228512	-0.08932577	0.04756147	0.1653536	-0.08008879	0.09980932	-0.01736825
JPT253	1	-0.0343966	-0.07527777	0.1166545	0.01928458	0.07532229	0.04160788	0.06792826	0.07631281	-0.2418873	0.04368566
JPT254	1	0.06343341	-0.08731779	0.006282661	-0.01953253	0.1164993	0.1448447	0.119252	-0.1053332	0.04481123	-0.02757178
JPT255	1	0.0768126	-0.1026982	-0.07010071	-0.02026154	0.03231136	-0.0189396	-0.02010826	0.01375107	-0.2240249	0.07694356
JPT256	1	0.1193536	-0.2000239	0.06512855	0.001122545	-0.07082971	-0.1439096	-0.04503541	-0.06378554	0.0931363	0.03912282
JPT257	1	0.04759215	-0.2656572	-0.06447463	0.1204551	0.0640999	0.1633237	-0.1202185	-0.1422538	0.0216686	-0.1935464
JPT258	1	0.08594783	0.09458385	-0.08219916	-0.0695127	-0.102664	0.07428221	0.05304677	-0.07835769	-0.02364001	0.004492973
JPT259	1	0.08199652	-0.1892247	0.0005792723	0.03473543	0.1540384	-0.02748769	-0.01081392	-0.1220658	-0.1229362	-0.1252201
JPT260	1	0.0774622	0.1366541	-0.06209293	-0.1455331	0.08251911	-0.1603336	0.02026273	0.03235894	0.07932339	-0.04188035
JPT261	1	0.2286601	-0.1126401	0.01275355	0.005605107	-0.03842115	0.04793234	0.2722149	0.05480131	0.02615508	0.08133818
JPT262	1	0.04194248	0.1151798	0.1303407	-0.1909203	0.1404632	-0.01987669	-0.06384096	-0.1566356	-0.02013745	-0.08571078
JPT263	1	0.0845943	0.08612136	0.08150612	0.03920663	-0.01474624	-0.02185676	-0.09220957	-0.09123053	0.08715374	-0.1379191
JPT264	1	0.08528097	0.0216548	0.02307122	-0.09708467	0.05655996	0.0873803	-0.07247366	-0.2224876	0.0280159	-0.01452495
JPT265	1	0.03635068	-0.08406771	-0.06120369	-0.1868704	0.0204422	0.00878336	-0.04176072	0.06505827	0.1107385	-0.140688
JPT266	1	0.1529732	-0.02513519	-0.06351349	-0.1080873	-0.006479356	-0.01404177	-0.04972882	0.007483266	-0.02965783	-0.1041948
JPT267	1	0.08424829	0.02041867	-0.1349394	0.0276563	-0.1509961	-0.1988761	-0.09913662	-0.00834284	-0.06077487	-0.2038454
JPT268	1	0.1050401	0.00427581	0.06479478	-0.01186516	0.04560769	-0.168506	0.005466773	-0.08337712	-0.04186506	-0.08154532
JPT269	1	0.08005428	-0.04543498	0.03426183	0.0447817	-0.026577	-0.08341531	0.07379438	-0.02715409	0.03035088	0.05936192
